4294967279,363
4294967279,549
4294967279,135
4294967279,292
4294967278,272
4294967279,361
4294967278,267
4294967279,281
4294967279,340
4294967278,258
4294967279,516
55,0
4294967279,514
55,9
55,8
4294967278,276
4294967278,253
4294967278,251
38,9
4294967279,559
4294967278,245
314,0
4294967278,243
353,4
352,4
4294967294,1634
4294967294,1444
298,4
293,4
291,4
4294967294,1627
4294967294,1625
280,4
278,4
277,4
273,4
4294967294,1623
268,4
260,4
253,4
241,4
236,4
231,4
230,4
225,4
224,4
223,4
221,4
220,4
219,4
217,4
216,4
212,4
210,4
209,4
208,4
207,4
206,4
205,4
204,4
198,4
194,4
4294967294,1632
190,4
4294967294,1631
4294967294,1630
4294967294,1629
4294967294,1622
166,4
165,4
162,4
157,4
151,4
4294967294,484
150,4
122,4
117,4
4294967294,1676
4294967294,1633
110,4
4294967294,1673
97,4
4294967294,1678
80,4
76,4
70,4
69,4
68,4
53,4
4294967294,107
4294967294,1618
35,4
30,4
4294967294,1549
4294967294,1428
4294967294,1425
4294967294,1424
4294967294,1418
21,4
17,4
4294967294,1421
4294967294,1612
6,4
5,4
4294967294,1419
4294967294,424
4294967294,120
4294967294,423
4294967278,399
164,2
4294967294,1430
95,2
4294967278,395
94,2
93,2
92,2
91,2
4294967279,269
90,2
164,4
4294967279,538
4294967278,273
88,2
95,5
95,4
4294967294,1437
4294967278,268
87,2
94,5
94,4
86,2
93,5
4294967279,268
93,4
92,5
92,4
4294967278,278
85,2
91,5
4294967279,266
91,4
83,2
90,5
90,4
4294967294,1423
89,7
89,0
89,1
89,6
89,2
82,2
89,5
89,4
81,2
88,5
88,4
79,2
87,5
87,4
4294967279,522
78,2
86,5
86,4
75,2
85,5
4294967278,291
85,4
84,5
4294967279,515
84,4
74,2
83,5
4294967278,289
83,4
73,2
82,5
4294967279,256
82,4
72,2
81,5
4294967278,255
81,4
71,2
79,5
4294967279,254
79,4
4294967294,428
67,2
78,4
4294967294,1439
75,4
66,2
4294967279,245
74,4
65,2
73,5
73,4
64,2
72,5
4294967278,238
72,4
63,2
71,5
4294967279,237
71,4
62,2
67,5
4294967279,233
67,4
61,2
4294967278,229
66,4
4294967294,1666
4294967294,481
60,2
65,5
4294967278,225
65,4
59,2
64,5
64,4
4294967278,222
58,2
63,5
4294967278,219
63,4
62,5
62,4
57,2
61,5
61,4
56,2
60,5
4294967279,215
60,4
59,6
59,5
4294967278,212
59,4
54,2
4294967279,212
58,4
52,2
57,4
4294967294,1429
51,2
56,5
56,4
55,7
55,1
55,6
55,2
4294967293,131
4294967293,130
4294967293,129
4294967293,128
4294967293,127
4294967293,126
4294967293,125
4294967293,124
4294967293,123
4294967293,122
4294967293,121
4294967293,120
4294967293,119
4294967293,118
4294967293,117
4294967293,116
4294967293,115
4294967293,114
4294967293,113
4294967293,112
4294967293,111
4294967293,110
4294967293,109
4294967293,108
4294967293,107
4294967293,106
4294967293,105
4294967293,104
4294967293,103
4294967293,102
4294967293,101
4294967293,100
4294967293,99
4294967293,98
4294967293,97
4294967293,96
4294967293,95
4294967293,94
4294967293,93
4294967293,92
4294967293,91
4294967293,90
4294967293,89
4294967293,87
4294967293,86
4294967293,85
4294967293,84
4294967293,83
4294967293,82
4294967293,81
4294967293,80
4294967293,79
4294967293,78
4294967293,77
4294967293,76
4294967293,75
4294967293,74
4294967293,73
4294967293,72
4294967293,71
4294967293,70
4294967293,69
4294967293,68
4294967293,67
4294967293,66
4294967293,65
4294967293,64
4294967293,63
4294967293,62
4294967293,61
4294967293,60
4294967293,59
4294967293,58
4294967293,57
4294967293,56
4294967293,55
4294967293,54
4294967293,53
4294967293,52
4294967293,51
4294967293,50
4294967293,49
4294967293,48
4294967293,47
4294967293,46
4294967293,45
4294967293,44
4294967293,43
4294967293,42
4294967293,41
4294967293,40
4294967293,39
4294967293,38
4294967293,37
4294967293,36
4294967293,35
4294967293,34
4294967293,33
4294967293,32
4294967293,31
4294967293,30
4294967293,29
4294967293,28
4294967293,27
4294967293,26
4294967293,25
4294967293,24
4294967293,23
4294967293,22
4294967293,21
4294967293,20
4294967293,19
4294967293,18
4294967293,17
4294967293,16
4294967293,15
4294967293,14
4294967293,13
4294967293,12
4294967293,11
4294967293,10
4294967293,9
4294967293,8
4294967293,7
4294967293,6
4294967293,5
4294967293,4
4294967293,3
4294967278,132
4294967278,131
4294967278,130
4294967278,129
4294967278,128
4294967278,127
4294967278,126
4294967278,125
4294967278,124
4294967278,123
4294967278,122
4294967278,121
4294967278,120
4294967278,119
4294967278,118
4294967278,117
4294967278,116
4294967278,115
4294967278,114
4294967278,113
4294967278,112
4294967278,111
4294967278,110
4294967278,108
4294967278,107
4294967278,105
4294967278,104
4294967278,102
4294967278,101
4294967278,100
4294967278,99
4294967278,98
4294967278,94
4294967278,92
4294967278,91
4294967278,90
4294967278,89
4294967278,87
4294967278,82
4294967278,80
4294967278,79
4294967278,78
4294967278,77
4294967278,76
4294967278,263
4294967278,73
4294967278,72
4294967278,66
4294967278,64
4294967278,63
4294967278,62
4294967278,60
4294967278,56
4294967278,54
4294967278,53
4294967278,52
4294967278,51
4294967278,50
4294967278,49
4294967278,45
4294967278,43
4294967278,42
4294967278,41
4294967278,40
4294967278,39
4294967278,38
4294967278,34
4294967278,33
4294967278,31
4294967278,30
4294967278,28
4294967278,27
4294967278,26
4294967278,25
4294967278,24
4294967278,20
4294967278,18
4294967278,17
4294967278,16
4294967278,15
4294967278,14
4294967278,12
4294967278,11
4294967278,10
4294967278,9
4294967278,8
4294967278,7
4294967278,6
4294967278,5
4294967278,4
4294967279,132
4294967279,131
4294967279,130
4294967279,129
4294967279,128
4294967279,127
4294967279,126
4294967279,125
4294967279,124
4294967279,123
4294967279,122
4294967279,121
4294967279,120
4294967279,119
4294967279,118
4294967279,117
4294967279,116
4294967279,115
4294967279,114
4294967279,113
4294967279,112
4294967279,111
4294967279,110
4294967279,109
4294967279,108
4294967279,107
4294967279,106
4294967279,105
4294967279,104
4294967279,103
4294967279,102
4294967279,101
4294967279,100
4294967279,98
4294967279,94
4294967279,302
4294967279,92
4294967279,91
4294967279,90
4294967279,89
4294967279,87
4294967279,86
4294967279,82
4294967279,80
4294967279,79
4294967279,78
4294967279,77
4294967279,76
4294967279,75
4294967279,71
4294967279,70
4294967279,68
4294967279,67
4294967279,293
4294967279,65
4294967279,64
4294967279,63
4294967279,62
4294967279,61
4294967279,57
4294967279,55
4294967279,54
4294967279,53
4294967279,52
4294967279,51
4294967279,46
4294967279,44
4294967279,43
4294967279,42
4294967279,41
4294967279,40
4294967279,37
4294967279,36
4294967279,32
4294967279,31
4294967279,30
4294967279,29
4294967279,28
4294967279,27
4294967279,26
4294967279,24
4294967279,20
4294967279,18
4294967279,17
4294967279,16
4294967279,15
4294967279,14
4294967279,13
4294967279,12
4294967279,11
4294967279,10
4294967279,9
4294967279,8
4294967279,7
4294967279,6
4294967279,5
4294967279,4
50,2
55,5
4294967278,205
55,4
4294967279,206
54,4
48,2
4294967279,204
52,4
4294967279,234
47,2
4294967279,202
51,4
4294967294,1597
45,2
50,6
50,5
50,4
43,2
48,5
48,4
42,2
47,5
47,4
40,2
45,5
4294967278,194
45,4
4294967279,355
39,2
43,5
4294967279,194
43,4
4294967278,191
42,4
4294967294,1583
37,2
40,5
4294967278,189
40,4
8,2
39,5
39,4
38,8
38,1
38,7
38,2
7,2
38,6
38,5
4294967278,186
38,4
37,5
4294967279,186
37,4
4294967278,391
8,5
8,4
7,5
7,4
313,18
313,0
313,17
313,12
313,16
313,15
313,14
313,6
313,13
313,11
313,5
313,10
313,9
313,8
313,1
313,7
313,2
4294967279,228
4294967294,1441
4294967279,182
313,4
314,8
314,1
314,7
314,2
314,6
314,5
314,4
44,2
44,7
44,6
44,5
44,4
4294967294,1595
4294967278,228
4294967278,109
4294967278,106
4294967278,103
4294967278,97
4294967278,96
4294967278,95
4294967278,93
4294967278,86
4294967278,85
4294967278,84
4294967278,83
4294967278,81
4294967278,75
4294967278,74
4294967278,71
4294967278,70
4294967278,69
4294967278,68
4294967278,67
4294967278,65
4294967278,58
4294967278,57
4294967278,55
4294967278,260
4294967279,99
4294967279,97
4294967279,96
4294967279,95
4294967279,93
4294967279,85
4294967279,84
4294967279,83
4294967279,81
4294967279,74
4294967279,73
4294967279,72
4294967279,69
4294967279,66
4294967279,59
4294967279,58
4294967279,56
4294967279,49
4294967279,39
4294967279,260
4294967279,176
4294967278,61
4294967279,60
4294967278,59
4294967279,170
4294967278,165
4294967278,168
473,7
4294967279,169
473,6
4294967278,167
473,5
4294967279,168
473,4
4294967278,166
473,3
473,2
473,1
4294967294,89
4294967278,162
4294967279,50
4294967279,159
4294967278,157
4294967278,154
4294967279,158
4294967278,156
4294967279,156
4294967278,155
4294967279,152
4294967278,153
4294967278,152
303,4
4294967278,148
4294967278,147
4294967294,1436
4294967294,1046
4294967278,146
4294967279,146
4294967278,143
4294967278,140
471,6
471,5
471,4
471,3
471,2
471,1
4294967279,279
4294967278,139
4294967278,138
302,4
301,3
301,0
301,1
301,5
301,2
301,4
300,3
4294967279,275
300,0
300,1
300,5
300,2
300,4
4294967279,271
4294967279,354
4294967279,270
4294967278,266
4294967278,279
470,6
470,5
470,4
470,3
470,2
470,1
299,4
469,4
469,3
469,2
469,1
296,3
296,0
296,1
296,5
296,2
296,4
4294967279,349
4294967278,392
468,6
4294967294,1593
468,5
468,4
468,3
468,2
468,1
295,4
4294967294,1726
4294967279,348
4294967279,338
292,0
292,9
4294967294,1683
292,8
292,7
292,6
309,3
4294967294,1616
4294967294,416
292,1
292,5
292,2
4294967294,1452
290,3
290,0
290,1
290,5
290,2
290,4
4294967294,1453
4294967278,48
4294967278,47
4294967278,46
4294967278,44
4294967278,37
4294967278,36
4294967278,35
4294967278,32
4294967278,29
4294967278,284
4294967278,394
4294967278,23
4294967278,22
4294967278,21
4294967278,19
4294967278,13
4294967279,134
4294967279,48
4294967279,47
4294967279,45
4294967279,38
4294967279,35
4294967279,34
4294967279,33
4294967279,25
4294967279,23
4294967279,22
4294967279,21
4294967279,19
467,7
467,6
467,5
467,4
467,3
467,2
467,1
4294967294,5
4294967294,81
4294967294,50
4294967279,333
4294967294,38
4294967294,37
4294967294,1540
289,4
288,3
288,0
288,1
288,5
288,2
288,4
4294967294,1448
4294967294,1712
4294967294,1447
4294967294,1563
287,0
287,10
287,9
287,8
4294967278,378
4294967279,0
287,7
287,6
4294967294,1536
4294967294,1591
287,3
287,1
287,5
287,2
287,4
286,3
286,0
286,1
286,5
286,2
286,4
4294967294,22
4294967294,17
4294967294,99
4294967294,76
285,3
4294967294,1432
285,0
285,1
285,5
285,2
285,4
284,0
284,6
4294967294,46
4294967294,1581
4294967278,0
284,1
284,5
284,2
4294967294,67
284,4
4294967294,45
283,3
283,0
283,1
283,5
283,2
283,4
4294967294,2
4294967294,1
4294967294,0
4294967294,44
4294967294,39
4294967294,29
4294967294,28
4294967294,27
4294967294,26
4294967294,25
4294967294,92
4294967294,91
4294967294,90
4294967294,88
4294967294,87
4294967294,86
4294967294,85
4294967294,41
4294967294,40
4294967294,36
4294967294,43
4294967294,51
4294967294,82
4294967278,345
4294967294,83
4294967278,281
4294967278,271
465,7
4294967279,274
465,6
4294967278,270
465,5
4294967279,273
465,4
465,3
465,2
465,1
4294967279,272
4294967294,7
4294967279,343
4294967294,6
4294967294,93
4294967294,96
4294967294,95
4294967294,42
4294967278,393
4294967294,1451
4294967294,1450
0,7
4294967294,1592
0,5
325,3
4294967294,9
4294967294,8
282,4
463,6
463,5
463,4
463,3
463,2
463,1
4294967294,1718
281,4
4294967279,352
4294967279,351
4294967294,1770
462,12
462,11
462,10
462,9
462,8
462,7
462,6
462,5
462,4
462,3
462,2
462,1
4294967279,350
4294967279,346
4294967279,345
4294967294,1667
4294967294,1769
4294967294,1768
4294967294,1767
4294967294,1766
4294967294,1765
4294967294,1764
4294967278,390
4294967294,1763
4294967294,1018
